.Random.seed <-
c(403L, 409L, 1916787059L, -1536943439L, 1939506298L, 1822477969L, 
-377842498L, 1725109122L, 1040171229L, 906876090L, -284623395L, 
2849571L, 366170084L, 518836795L, -826330876L, 1072396968L, 156969427L, 
1435245080L, 1989776047L, 1595746117L, 1570833230L, 2049534117L, 
782241746L, -694216226L, -639345927L, 1586765382L, -1305966431L, 
1602166191L, 1010698928L, 460295367L, 420389616L, 255897004L, 
2006404183L, 1500966812L, -1473862677L, 995013449L, -1412080414L, 
877935561L, -309754090L, -2032299990L, 436119333L, -1870992382L, 
2145429285L, -867708357L, -698149220L, 327282339L, -1612108212L, 
-816217232L, 948147467L, 1305796208L, -381412937L, 721455693L, 
1344663750L, -1696146835L, 1840899098L, 551202166L, -1363220207L, 
-408978658L, 289794393L, 1748708676L, -1782422434L, -1700291057L, 
-1587533611L, -273439743L, 1807708343L, 1308463902L, 496244884L, 
-1821132810L, 1824231112L, 1098692477L, -56009865L, 1677468667L, 
-61092231L, 1862300236L, 682053070L, 265905416L, -1241135654L, 
-1280787037L, 1481919889L, -486242491L, 1905592579L, 439677754L, 
1083150896L, -467342134L, -1155914764L, -1450458495L, 806088675L, 
-462940721L, -1478791643L, -514984120L, -2032408214L, -590368804L, 
-1915212458L, -1092209321L, -1623674323L, -713553367L, -1939695329L, 
-257610170L, 1030652828L, 1369576478L, -22624896L, 1868757493L, 
570842287L, -451854877L, -1020391759L, 272350756L, 714079590L, 
726403104L, 538776178L, 1405594059L, 2125448073L, 1697159725L, 
-407971413L, 1982304386L, -622527464L, -733407630L, -711249268L, 
-1231124103L, -1300864197L, -2061745833L, 1982305469L, 1692786784L, 
2091085922L, 610509268L, 1528785038L, -334160865L, -2084294139L, 
-1029681391L, 1407509063L, 842294798L, -92393212L, 749059174L, 
-1365940552L, -480295219L, -1330715097L, -822512501L, 1634383593L, 
1629531132L, 1681298590L, -146097512L, 960594698L, 1496442227L, 
-2018392191L, -895338507L, 2112957427L, 1121458826L, 447829728L, 
1258937530L, 881318788L, -1717637295L, -1140863693L, -931468321L, 
685590965L, 1274442200L, -1232179718L, -1607524436L, -950209722L, 
433743143L, -315715043L, 76655353L, -1728648977L, -1371241738L, 
-521484468L, 843725006L, 434961072L, -1571520379L, 2098322655L, 
1505611699L, 2101262177L, 501171732L, 1720178614L, 1229891440L, 
854640162L, -1384707749L, 381335481L, -1976743651L, -1266956965L, 
-2092912174L, -531501752L, 2110345954L, -756908516L, 1057234505L, 
656489803L, -278687769L, -775675443L, -1770970064L, 1034170290L, 
313952612L, -1380556802L, -1226186065L, -791644875L, -1513530527L, 
1922257687L, -822432514L, -1626622988L, 680396246L, -363449816L, 
1363708637L, -393673193L, 315525275L, -2010739559L, 1370394476L, 
1468305646L, -486403928L, -672286278L, 1900238019L, -559121423L, 
-393207835L, -1714058909L, -420278182L, 727350096L, -2057841622L, 
-1336496300L, 350676961L, -1572745853L, -581879249L, -1980985595L, 
1303733672L, -917766582L, -916974660L, -1335008778L, 1542128439L, 
-391402675L, 1638860169L, -1450813121L, -134731802L, 264145020L, 
1344480638L, 1075704416L, 748039829L, -743839793L, 575992451L, 
1705213137L, -593779516L, 1779905222L, 1043988800L, 1203022610L, 
-727792405L, 535275369L, 919822157L, 228065611L, -1130283422L, 
1894415096L, 252901906L, 995772780L, 689888729L, 734791515L, 
686539895L, 545679005L, 240250560L, -503000638L, -415607052L, 
502084910L, -1191729473L, 621772773L, 2096529137L, 1389046567L, 
218510958L, 1101605604L, 903333958L, 1157270424L, -1349272147L, 
1380657479L, -325214805L, 692544393L, -133655268L, -886816578L, 
1493969464L, -1035254166L, 294271251L, -1820897951L, -778788203L, 
1432926547L, -1583723606L, -1376296576L, 1049434138L, 639481060L, 
-1340600527L, 1072023891L, 1850645695L, -731469547L, 385637304L, 
1918529114L, -1798616052L, -126444442L, 649704711L, 346906702L, 
-566318529L, -1135269825L, -1668960661L, -135100311L, 1160205990L, 
727113802L, 1764920658L, -1822810840L, 541818065L, 1546997981L, 
-735262419L, 1242188895L, -1052780764L, 1094774212L, 2096689080L, 
1549964066L, -209882541L, -1399893389L, 1995250807L, -425432331L, 
1357232994L, 1099197486L, 1170762982L, -198338220L, -1182201779L, 
-1083146983L, 533239025L, -79264813L, -1193846200L, -1231861376L, 
-572095468L, -320471530L, -969637129L, -1105217961L, -1640217293L, 
-714996991L, -1954802098L, -984118302L, 259224218L, 723531888L, 
-662976343L, 1352041909L, 2014493957L, -1832232169L, -1349981748L, 
684825484L, 1791540080L, 238195866L, 1349884219L, 289605371L, 
356710607L, 1435734429L, -1052915494L, 658536662L, -1696263554L, 
-104604020L, -1750220459L, -573854335L, -1508689447L, -558853L, 
475755264L, 1864733368L, 59850428L, 1260746750L, 1207930735L, 
-1448142961L, -1427217445L, -1477795783L, 415837878L, 1499542714L, 
-1547510878L, 1316233752L, -747391039L, -1069571251L, -1780199139L, 
-1043821937L, 910504500L, 1372864020L, 251264616L, -1291811502L, 
101999715L, 1771528259L, -814519001L, -1685094555L, 1406933170L, 
113596542L, 588184342L, 509120932L, 473811133L, -1924185367L, 
-1299361375L, -1964294461L, 1732844920L, 735733552L, -1270879452L, 
-775991834L, -1008166137L, 218030023L, -528756349L, 1288283825L, 
-1234571906L, -1442823182L, -127891510L, 2016324608L, 635942841L, 
-1150111931L, 768075093L, 346030887L, 716744572L, 1606742012L, 
511906944L, 1879678570L, 411692395L, -1893625877L, 1880532767L, 
-1927581459L, -982375030L, -179846906L, -1711091186L, 1759340604L, 
-1618612443L, 1167952817L, 1724870761L, -1041784885L, -1209041968L, 
-460953080L, 1712434604L, 705882094L, -1085460833L, -1068095009L, 
-1755129077L, -1664263671L, 1372595142L, -793188630L, -1756596110L, 
159958792L, -1164189263L, 506088893L, -1619496435L, 780034047L, 
-1155942204L, 616771108L, 848610200L, -678217342L, -1361264909L, 
869531219L, -583568105L, -283023211L, -188262654L, -149193138L, 
1133488774L, -488024204L, -1344336723L, 170327801L, -2073763759L, 
-103356173L, -1068692312L, 2055236064L, -2070278668L, -464297674L, 
-106643113L, 46955959L, -1831609453L, 433916705L, -1684775506L, 
-2077188414L, 607987322L, 1028365392L, -717969489L, 1727476326L, 
-899174467L, -668730794L, -1786530799L, -1018582232L, 1070375485L, 
-1537990498L, -793992849L, -42830758L, 1958007297L, -1462989458L, 
-421763327L, -97154772L, 1518306461L, -1682276334L, -1933193929L, 
1955215574L, 638837949L, -57446810L, -1915736495L, 357138920L, 
-1682725707L, 1672851430L, -1411562225L, -1946542902L, 899498017L, 
-1709063498L, -464023767L, 885029052L, 1546218189L, -265408182L, 
-1554925377L, -1601967050L, 1328053933L, 49465286L, -790437919L, 
-775961400L, -479960003L, -1223233794L, 1145088511L, 1309110890L, 
-1471889727L, 1403979806L, -868307711L, -1622823716L, -1517315843L, 
-1519893166L, -1515600473L, -97409642L, 1788483741L, -794478362L, 
2063846513L, 1337214072L, 2130229429L, 689657222L, 101870191L, 
271016970L, 668121634L, 845866560L, 1223534617L, -1509696927L, 
-1732305224L, -346655966L, -1907993899L, 1049909009L, -895785654L, 
-573101324L, -2139575251L, -498718607L, 1066647956L, 2136068906L, 
-1401261143L, 909210105L, 1676868058L, 289149760L, 1205149801L, 
1407493193L, -2131434592L, -442724910L, -913983035L, 1858779353L, 
-1637572254L, 964787404L, 2036027653L, 62177865L, -1187639340L, 
396279818L, 958899281L, -1344779407L, -1394634014L, 890238272L, 
1674191849L, -2020522543L, -1620324296L, 937889074L, 1009227957L, 
434728913L, 1050531722L, 1572342964L, -1235843315L, 466785249L, 
-2058993372L, 1653530714L, -1059194967L, 374534809L, 1405235338L, 
-1358956320L, -2053461063L, 1716256649L, 1066483728L, 1661463234L, 
-1938066075L, -25937719L, -1250106638L, 1242075324L, 1405178453L, 
-1333627863L, -697660636L, -344880870L, -1758273183L, 1932465057L, 
1882189506L, -559484256L, 287358265L, -1618281951L, -1988793736L, 
-678018846L, -683314795L, -724073167L, 1820597258L, 728202356L, 
2312877L, -2047156079L, -1317029996L, -854094710L, -1727670711L, 
2050271801L, -1192494566L, -1205589600L, -1190735383L, -1091801911L, 
-1901441952L, -321174510L, -1369827835L, 298609785L, 79191010L, 
