\name{initial.values.random}
\alias{initial.values.random}
\docType{data}
\title{
Some random initial values for games with three strategies.
}
\description{
%%  ~~ A concise (1-5 lines) description of the dataset. ~~
}
\usage{data("initial.values.random")}
\format{
  The format is:
List of 100
 $ : num [1:3] 0.389 0.464 0.147
 $ : num [1:3] 0.314 0.154 0.532
 $ : num [1:3] 0.114 0.735 0.151
 $ : num [1:3] 0.348 0.27 0.383
 $ : num [1:3] 0.12 0.288 0.592
 $ : num [1:3] 0.697 0.2231 0.0799
 $ : num [1:3] 0.62273 0.37655 0.00072
 $ : num [1:3] 0.1972 0.0609 0.7419
 $ : num [1:3] 0.2755 0.0104 0.7141
 $ : num [1:3] 0.5357 0.4128 0.0515
 $ : num [1:3] 0.32 0.144 0.536
 $ : num [1:3] 0.249 0.494 0.256
 $ : num [1:3] 0.201 0.532 0.266
 $ : num [1:3] 0.0942 0.6406 0.2652
 $ : num [1:3] 0.0533 0.1528 0.7939
 $ : num [1:3] 0.0703 0.7054 0.2244
 $ : num [1:3] 0.208 0.489 0.303
 $ : num [1:3] 0.0896 0.0513 0.8591
 $ : num [1:3] 0.3781 0.6022 0.0197
 $ : num [1:3] 0.102 0.22 0.678
 $ : num [1:3] 0.255 0.425 0.321
 $ : num [1:3] 0.081 0.386 0.533
 $ : num [1:3] 0.379 0.61 0.011
 $ : num [1:3] 0.5333 0.4143 0.0524
 $ : num [1:3] 0.324 0.263 0.413
 $ : num [1:3] 0.166 0.204 0.63
 $ : num [1:3] 0.379 0.338 0.283
 $ : num [1:3] 0.812 0.104 0.084
 $ : num [1:3] 0.263 0.0395 0.6975
 $ : num [1:3] 0.615 0.138 0.246
 $ : num [1:3] 0.5747 0.0641 0.3611
 $ : num [1:3] 0.163 0.409 0.428
 $ : num [1:3] 0.377 0.131 0.492
 $ : num [1:3] 0.1928 0.7281 0.0791
 $ : num [1:3] 0.0917 0.7283 0.18
 $ : num [1:3] 0.365 0.242 0.393
 $ : num [1:3] 0.8359 0.0244 0.1398
 $ : num [1:3] 0.371 0.057 0.572
 $ : num [1:3] 0.34 0.232 0.428
 $ : num [1:3] 0.0599 0.21 0.7301
 $ : num [1:3] 0.36205 0.00713 0.63081
 $ : num [1:3] 0.5609 0.3612 0.0778
 $ : num [1:3] 0.384 0.467 0.149
 $ : num [1:3] 0.035 0.659 0.306
 $ : num [1:3] 0.0636 0.0655 0.8709
 $ : num [1:3] 0.165 0.256 0.579
 $ : num [1:3] 0.113 0.43 0.457
 $ : num [1:3] 0.9144 0.0044 0.0812
 $ : num [1:3] 0.537 0.192 0.27
 $ : num [1:3] 0.0594 0.742 0.1986
 $ : num [1:3] 0.324 0.258 0.419
 $ : num [1:3] 0.0368 0.3414 0.6218
 $ : num [1:3] 0.69 0.205 0.105
 $ : num [1:3] 0.619 0.138 0.243
 $ : num [1:3] 0.0752 0.4989 0.4259
 $ : num [1:3] 0.8533 0.0409 0.1059
 $ : num [1:3] 0.234 0.417 0.348
 $ : num [1:3] 0.66 0.195 0.145
 $ : num [1:3] 0.509 0.345 0.145
 $ : num [1:3] 0.0773 0.2173 0.7054
 $ : num [1:3] 0.9282 0.0247 0.0471
 $ : num [1:3] 0.305 0.413 0.282
 $ : num [1:3] 0.178 0.4 0.422
 $ : num [1:3] 0.274 0.608 0.118
 $ : num [1:3] 0.424 0.326 0.249
 $ : num [1:3] 0.0525 0.5323 0.4152
 $ : num [1:3] 0.8851 0.1011 0.0138
 $ : num [1:3] 0.0622 0.4379 0.4999
 $ : num [1:3] 0.0847 0.5995 0.3159
 $ : num [1:3] 0.6439 0.0597 0.2964
 $ : num [1:3] 0.9337 0.0132 0.0531
 $ : num [1:3] 0.0338 0.4182 0.5479
 $ : num [1:3] 0.257 0.228 0.515
 $ : num [1:3] 0.1933 0.0203 0.7864
 $ : num [1:3] 0.0268 0.2524 0.7208
 $ : num [1:3] 0.734 0.164 0.101
 $ : num [1:3] 0.723 0.257 0.02
 $ : num [1:3] 0.31 0.314 0.376
 $ : num [1:3] 0.265 0.141 0.595
 $ : num [1:3] 0.469 0.43 0.101
 $ : num [1:3] 0.6119 0.0553 0.3328
 $ : num [1:3] 0.161 0.387 0.452
 $ : num [1:3] 0.6728 0.0718 0.2554
 $ : num [1:3] 0.0245 0.2486 0.7269
 $ : num [1:3] 0.17 0.39 0.439
 $ : num [1:3] 0.2 0.649 0.151
 $ : num [1:3] 0.684 0.158 0.158
 $ : num [1:3] 0.0949 0.0325 0.8727
 $ : num [1:3] 0.469 0.317 0.213
 $ : num [1:3] 0.5694 0.374 0.0566
 $ : num [1:3] 0.174 0.0598 0.7662
 $ : num [1:3] 0.0746 0.272 0.6534
 $ : num [1:3] 0.319 0.269 0.412
 $ : num [1:3] 0.308 0.457 0.235
 $ : num [1:3] 0.34 0.123 0.537
 $ : num [1:3] 0.8642 0.0792 0.0566
 $ : num [1:3] 0.1825 0.0288 0.7887
 $ : num [1:3] 0.2779 0.696 0.0261
 $ : num [1:3] 0.033 0.0943 0.8727
  [list output truncated]
}
\details{
%%  ~~ If necessary, more details than the __description__ above ~~
}
\source{
%%  ~~ reference to a publication or URL from which the data were obtained ~~
}
\references{
%%  ~~ possibly secondary sources and usages ~~
}
\examples{
data(initial.values.random)
## maybe str(initial.values.random) ; plot(initial.values.random) ...
}
\keyword{datasets}
